NR_CPF
4357825172
9559108034
6607411800
2506009787
1309285004
18316948753
766240053
169854353
12586765672
19281528720
6565301115
2752859449
36762636934
15653781134
2187477487
20996462015
12203939591
26774623620
24475092787
10897267400
84740396815
1114042900
17253373391
9626956100
6351360153
21196427020
21787395049
18720072449
32992203653
10059075368
13838660587
2927322368
32768958620
20591233134
40046656715
44406762787
16886488104
5633354320
87913968834
5680298368
76508471872
73047368449
21232571415
3330753315
38272709953
5803055387
41044134968
21725497468
43258360715
21473056934
21473056934
43564844791
32230591649
37741020900
36830712904
604854854
7419384215
20013590120
19007515500
8094934115
7285833487
7127715300
44109881749
11052090400
20958404453
1341738809
4186048860
12445754453
21140170600
38695731715
17129699604
34979417949
11927895553
18978177115
49044494953
10321535120
16821190500
25404334568
57247358068
27210286420
83554700797
6343279253
9134000410
16668340334
23281928153
7038585304
15661113404
5005671234
25181327400
9524355353
11239115415
11250038472
3252134888
2015534814
25306324134
36342114668
7023863249
16304039549
64839109753
42770351753
58748300730
18963870634
29577993591
9233482391
27144364472
3963249838
48937282615
43198554934
3800061899
30230136915
30922852634
15812227268
22460179391
24005932568
30576768472
76685454768
13342622415
75307006772
23855070059
24361062315
69517649720
36567450053
30611210649
64839842
78766400791
6153909272
27726533587
36622320063
12975494572
36755869953
24671312115
25046144468
53040260987
20032277334
72740108753
54059640778
36695130604
4369785200
37078470044
54642108149
55127827620
30279577400
69939748787
31325432415
16483472315
4899887841
19562624315
13615289234
26484188149
18347924287
30453364187
21672830591
47664894972
3629323871
30623715600
41283368404
69602093749
29685435553
37068466320
54118794691
35223863534
26992922572
81595220704
67706398749
43062016000
30294878653
24701181315
88736598453
28639790604
72742615768
15716180582
28133137500
21278679391
35752084687
46798072968
39519341404
4096391840
24468223120
24468223120
69175730782
80668798734
20510160468
8385033491
70458855634
89452984600
1131377451
27025306134
2563347300
4997395404
67548288387
32470193320
5769701315
62091573353
2670070353
28477421749
15427692649
22527869491
16226305487
60086459872
24917311349
19283539320
18237754549
89299728534
4423950510
73736643500
4593480434
91354765672
99601559191
3840697387
4895584453
25158414572
47178957387
14549468572
5124425415
30284449768
39761509087
89272617049
75123843000
29186994972
4047923400
1444832204
81879814234
7272030453
17158176304
6785760330
77955196368
35983655353
8150400320
9477357200
15300250287
13997467404
31002803420
26689510620
7203292134
7547692320
45438153868
9646787487
8333556949
19653913620
9483039649
3634973404
68115989053
16991192015
49706985891
5996686520
17156726587
4555430468
13417720044
23517875791
9459820620
112072640
9460284604
13987461420
24040282434
15954161372
93462506072
19321759115
6007147134
3321464640
24593141168
1766457304
9426680578
2718120444
18210643304
14178338315
65796292315
14178710320
14178710320
14178710320
91272769372
91272769372
11163690600
10424440997
15152723387
98632264591
15974928504
16561538900
5480345591
29424860587
6746896668
6117805420
9528547915
1449206204
72221623487
72221623487
5306000568
21584524472
6792030368
5603951400
7287690500
11341319504
2417308568
3257304315
4381980344
12655660382
47509783372
44672004368
1312812249
35531630204
10993606253
55865852191
81653301872
32898100978
18953395534
13187724353
12661767568
53843789568
17226953072
27697509920
8579997534
20187521549
1179705904
4962364405
2238632468
2242826468
17272009934
4968824491
4789490300
22635866449
37135325168
2020920468
3027546368
31249779804
12030244368
78673542634
6534040344
20097328553
96046376149
19320000115
74478354391
6544592315
50469541334
3562212372
13909681387
34960708387
70428913334
3563294372
68653611304
9887075434
82542325634
17437296934
26907267500
15446808568
75330288991
3170974904
56889232968
2337622215
14389584049
43208673353
76965821
5645913353
54686423872
5300223549
89950631572
22632875315
8001677400
3823440497
26357925691
64263711068
13236660953
17261244368
4132939472
21409323315
23107790249
83535829887
1921888954
4085175491
14453410506
30204577853
3472167300
15393625820
3339726353
6558992353
4189310468
5865387472
3195392372
5598788349
4203208491
3424154504
3682560572
13423150300
28214455715
35175036653
9105352649
6453929953
5859840420
12218294672
25943634487
7091230604
47869461768
5364892468
14335751672
14335751672
4184653472
1666703249
41644468620
580724204
5312566187
2454815249
3997804400
25003062753
2033577287
687600278
28638557604
31293760463
13199200478
60454059272
10339558172
4459369400
5540518420
51406438472
10390316334
23867361649
4217462549
6862144472
30021278334
5909902504
8265526504
3229173449
20663846404
2456397487
7278020468
863428436
46470050549
16104650597
8070040300
13309323404
8225354591
76796094549
8835403553
18012590387
21647100372
15864510572
64885445515
11693410559
6516130000
7716893300
16369050300
1618083368
8588511568
80613110897
4978595487
14123843972
10700374353
35599901653
3137384320
23471271368
19188841880
36076740191
11556102372
4182995449
11490403353
11490403353
11490403353
11490403353
17152917604
17152917604
3163385320
8299226449
3367037320
19510624349
4660625320
4660579387
14470420344
15673340320
3232786391
7844980400
6349870549
27455599153
4922735100
21764220404
15349250400
5287901453
3305872420
27229343453
3852415500
3980649890
62699962600
4128745472
19196750430
13103245300
7838140463
18182712491
16101332349
21073678415
9968652504
11470690349
11475382391
14055503687
20663960525
8696675487
58918515049
58918515049
6006272172
33083592353
72736933400
4478827591
25316311515
2400618453
35531584334
37464558634
12912077753
5197635720
19043597791
81644574772
7019092772
73289159787
66720567772
30842689753
2126583791
2196956791
9023577787
22127259734
33976112704
98265172834
24624527615
10039554600
70517258749
2504189400
2403781215
5539730372
1754947387
291765300
155837320
7593287300
4558200404
3638260763
28684974700
2032015820
4751507400
2035472415
12475165120
4303997153
776009249
3894797215
10400656787
47341653
18642934700
17820499672
62903926700
7496397504
11003413587
2685876391
25206540668
32438923768
30833850725
38724936715
32999313691
20479140600
5878276453
7850751434
13213377449
2469804434
28814509387
2577747349
22260390900
81009917820
64503895834
11124423320
53007786800
84414758815
29114845849
32326475887
56721234815
6529070591
11748982591
8073201534
13642740510
6493866553
13967657515
16880170544
6657745591
8050163504
6528821534
22283323568
6314970563
3666514391
6876790525
593656504
3993680510
7003285568
20716230704
20599072334
25716930778
2703998368
9911588734
27130517700
33350582753
28201809734
35097086791
37941275791
34853278753
28793919700
12858480478
25341120744
10788395491
27131831700
79117520878
52908453720
27322769791
31356591787
27657159715
28688619700
31000789772
28007298720
40227260759
26682095791
28805038768
30768675715
27155340782
21847193153
30998603791
31314260715
30794676715
9101675168
28916999715
26160099787
5460840520
31457630753
31618570625
31443486787
31028780753
24310387772
10765433753
42196205753
34802460791
32986807968
3679151896
5727197449
35943645772
29770629715
41255038772
5942411468
6162380459
2390388272
3210740259
3632601291
13118277068
13117874020
13117866000
13117653015
4565894149
4221095172
20593791720
2939568553
32019890534
1995782300
7149468349
249483300
17832977787
1105064727
9600582734
23026081787
6914179700
25872940700
36276553972
8276765653
2390957234
2041901420
22645691315
32361602768
7295553053
6376029949
58092153
19249527772
14009325801
806838272
62244990800
54214408853
18877508787
20832885720
20206330782
10535861753
20800789768
7154631791
20834047772
23259329749
29829372715
20543441687
12806676649
3585980791
6228623591
43839096634
67315232834
29759480697
6295088104
5629047191
17948878734

45367078753
37873679772
6479854896
46241930834
1578377854
95924043800
95924043800
7390513187
6260594020
22186611953
39989682968
14206056900
64103706368
89420063372
96335130815
28647475615
20745680020
36160962868
55732135553
10366822500
16258614434
4953290453
62358243868
4337112995
14513188049
4376005215
1032526220
427276268
2404973410
42700256468
45538522768
90663950791
45770328720
13151495087
42642310000
844670707
1552445828
5752574404
18780342949
4750136387
88649350887
43570399834
8043302553
3401138553
11218428600
7651872568
39458261791
5127181649
11605448320
11926708334
60298561034
14962470604
25508911049
6313161831
9720650087
51934060500
10019391404
2467038491
85802352604
37866818304
15473783368
33421226091
29887186015
36084484972
12050172320
19013604315
9394583572
4285093472
19484542115
16989708387
19287259372
37130960310
32478917653
8130728591
7306601504
54286433820
53958250882
31614329672
36321524620
35706848653
25960377349
25960423391
71593772653
3008607659
14908280525
37867105972
2094550478
34161546734
21303827204
2256061272
4646754215
88451046053
63386135900
5313112368
20925638315
54764289768
56794673800
73165611815
9771735420
5836212104
16342739404
4291022751
5182476434
12503231420
12816515400
3975375493
2474085491
13428906713
28188055700
58581120059
16918150391
16918487353

7257260915
23753196991
11411970144
5544696420
40368947815
82212660863
14137810044
90361474334
22425250344
25165437353
7115148953
6026419853
79700810887
11177357372
17974917334
19293631334
11476460310
13603329368
15610349320
54395364349
31842550772
31842550772
61775029891
6092004453
26581019020
76255263134
3493040334
4441001304
6300375315
24501506091
37929836649
10972404015
3314464304
5194857349
2152959353
16293959000
13631225687
13642812600
23525320604
12946303691
49320491968
4525167491
4532473420
1836641087
25406973053
78888549072
48881945053
19604505300
5232880349
17230055334
610488368
55926363349
76802337304
42982618320
905065379
78751900378
11177640368
10736646353
10781234387
635871300
11898160325
11026839300
20925603368
4573269304
11498897304
17719399900
1157094368
7937474300
7782128315
3866858353
6670520387
77276744353
24764329700
34165215791
65421183734
21881359700
22094547787
10269967753
1253883734
4053958334
3608310363
3623653349
4799453300
4799291300
2238900306
3645886400
9886869020
20409885487
69544174834
81220391891
8672881753
34576584715
17810949772
21733082700
22919775715
45930163715
31694420744
28944372772
3134512734
26919079704
31512437700
20287038734
26063743715
20276370791
20286830744
39970094734
43673562720
43802362772
24284165704
13997157049
969460678
140082387
2212927304
2233061349
6804390482
8774722468
7906650425
44354916215
1965980287
1432044249
16064860049
5342414504
5001501504
2228130591
25680846691
29589169600
3847764349
4828500359
5202728387
4735757368
2035863368
3406695515
6328270410
7986416149
6181066187
8743843115
45334145400
6203760404
1819143449
6909159420
34555820878
27976459872
31530133815
31172644853
31219527815
3986730125
3691853404
56059949800
13843753687
19393130230
8221316504
17390761334
17734312420
50663224853
4846710572
4686985587
5455170520
6791182172
336637187
345295943
406295972
1045490920
2216760315
17621291320
37726056720
37512501749
4492196315
43233422334
6235786387
27203484491
8915520904
190314168
8375171760
28293924772
77499123634
95786767434
11124270400
2633361153
3221709153
4720873391
11131233034
8169330734
8164720763
19452276720
19452276720
17679834768
8080488568
996980563
3706389304
5446341449
1181742315
3604900344
34958720359
5196124349
3368106368
7193572415
7681208453
14098059053
13005170420
41204387320
2159481220
1495720268
43512038891
19743742700
30607868791
71071776720
4261640759
5484875374
5484875374
5484875374
384933572
9157948453
4449967453
6751555415
16413083700
5649226768
1989324304
36965612827
19706448772
39939510772
7401825015
6770525453
3509109368
4398491368
4459067315
6105394420
63098997087
535923449
4313500430
1305263200
3415279553
5222672549
4521510582
16297768668
258768304
8754136415
3586197420
6600778504
97744018400
8906130449
16105311249
6593160210
5669331796
2074702434
8002118553
3626482391
3032507391
2031230344
12817953134
6607357415
3136140168
3642739768
4824229120
5908310387
41365739368
42218330849
2544601272
73280666872
54574129891
10254790330
4928776372
4681436372
21105847772
17281849753
82815542749
33410119787
33382417715
58253734700
1615173315
5970393304
8121834368
5419824353
3698521334
3453456300
38206412387
17424232304
2668823315
73150010349
61600598315
5369916349
5169712391
30322219353
11467533300
42981026372
21031746315
30127009353
5281539353
5215323372
21129622304
3745082320
3449238353
5711185349
32359624334
1390554368
23506423304
4613015391
5741262368
32306741387
1801538387
69044058304
30301572372
54458668315
5639140330
17135800397
58544593372
4620941387
3314642334
4097556304
9062688349
3150976391
1573896349
13975692391
3312178304
1039156304
4562712368
389897353
20302932372
7202482304
7202520320
64176347368
71311122320
78597170344
4475623553
385484534
2634961553
419702504
4527178253
2537494253
1573748234
198005334
15622681472
13007068487
10744720478
21845123468
3377938400
4379462404
1092979468
2633701272
4286316220
44267320853
3956784120
22630570720
25805576791
7014791753
20415265720
8157480604
24454605653
66176816653
22808906668
5467578553
4078373534
1718037520
3711641504
1624237568
2036320520
4823060504
4937015591
3450228587
43992234568
55509274549
3539857591
32573154572
4179420520
49038508549
4912896500
52322432504
32658354568
8750645587
6719074504
4238001591
53683749504
5252636591
32020007568
55425410549
2997630568
5954142572
50530461587
37946323549
3673081500
8759316500
4009266520
2075954534
2546922572
4893808591
22169687572
41650760582
57114986572
8288879500
2637677520
4205138504
31319033504
4468155515
16237811591
3539300597
32855397553
3462331515
36648582553
52321517549
4475658500
8723672587
4480813500
8673381568
26203359572
4783085587
1380699568
60719346568
55910726587
49652362549
4827481504
6543090510
7683952591
3951758520
687588553
4656105520
10078460549
6518460563
28209770578
5655013568
7472870587
52063925534
377821500
15059065553
11568763549
21745390553
3936651515
4823346572
52065510587
24117498568
6567290587
50762214520
5439523553
6428550563
2282135504
3300056500
4890604553
6604099504
4499000459
1865633291
28577060730
10641980078
2237083304
3625982315
25549383934
31900089734
26490722704
58234896849
90836359887
56132018891
40316149853
82845557868
21161836772
7693222715
36610810710
10177922753
19741723768
35837195734
9199762714
39066096772
45822670768
42164192753
44386583815
53317343834
3978430894
75960591804
75889870815
38834723872
59850361891
65407644800
46087230815
7541660825
25348256820
27459500887
27590844853
7622350559
66915066853
65610342872
19906340878
59288779868
21219095834
38779170897
66708923815
55309470344
15066541349
7866690391
41199189391
41230108300
86008897315
18251048320
3633608320
3833593334
85335541334
1134809387
2261090382
3563758387
3616762391
1162764368
7910789300
7935234353
9915249349
7851960304
406915865
4904940806
57222258868
7055048834
30700531815
31488960844
31689728868
14847469887
4354091828
26125765849
5698415854
52866580915
9603395900
73729540025
43252532972
1925893936
2476708984
31353991920
9599681991
29215595953
70244006920
20026307987
27690679749
2941457100
7900813500
9460349404
23472804815
30006295800
20800789849
1564562816
8382514715
4764951720
26194031034
44993935749
35357657734
25238361734
77495276720
25230590700
28244672749
34250638715
17413079704
22304088520
3152013710
55952879772
47184116704
3244431100
4528123649
9362487691
15068250600
14961792691
25162594334
9186492187
210986115
4623789187
10247980625
12202614672
4288530644
14476495672
54154600630
18595774900
25813668934
13207571115
11779225172
9117202191
21759863068
73474401068
18755631053
56247770863
37671502804
3491510325
2353644368
6276407372
6895794387
1227769334
6245722349
9896007187
2543443304
11886293791
23426179768
22468021720
30541549715
1912003287
1395513287
9779620249
2333759291
1655418220
2312166453
1085220320
45072434915
41518519768
9569898704
10521631734
31165729768
1188372300
3549720300
30373638353
5456363372
66575362753
7961634304
4838289634
9046704653
7154780606
8348812687
12021440630
3836681315
18584055215
6317294372
5949661400
3209440778
2312450763
48760455268
2407108272
2860988220
2035430259
2788578172
156078368
388149434
2533731587
2213044368
46655387
19483988772
25032429791
43187730868
22143807953
9465642053
34005200044
43462189034
7016042049
24107751015
29356288887
85995100963
8383103972
7304170425
51427079749
30029791715
41874170797
29757576468
87756668472
3801578453
22259201415
18131735400
840948425
10924469404
3808203404
6862292404
6850421468
5830230453
784135401
4443101420
72735260453
13635611468
8923094404
7853963491
39548325420
42760267415
16240618420
8675546491
20431201404
2505100497
6751881487
6330819491
2324873400
6752292434
7892519491
2300052415
13307754491
380180472
4152662468
605530491
845639404
4007522472
4002563472
5906717404
8297690482
21946582468
2304791468
14214750497
13266675487
13285939400
13326058420
74584570744
7846703404
11052805434
21154120791
6132294015
83420452004
10088849015
8891460044
21438285000
13683098015
5965616015
6545866087
91654408034
36503207034
7843046020
5358388087
1865218472
13425030310
3733181387
24688312768
24183237734
20831510706
24903620700
16080289768
27851621704
26152088704
15783332704
21866309749
4058534753
67743668720
7700490791
15823253753
11309563772
32425082700
80471030163
48418161
6782019353
2334658120
4331958434
7259280930
13384333500
4248279568
73103373015
24997862053
4242459572
6511481549
11426748515
7373899587
6226531568
4718577187
19205252700
3931439372
2252201304
64210243868
8111642415
8229783420
4589173468
5566592520
10158766768
22984836715
23069465749
25357093172
12420107691
2639823353
2037610491
11228636400
7100884420
2865548104
94625000106
4928091191
12982342120
7184255100
76556174149
429501129
4916344120
4439040144
50740105
5778182104
55698573115
2672715149
2092093134
5777992153
6024513100
14452413153
7108419149
7059566104
5648815115
4189604100
18674259120
5612705115
6385095304
623558726
7591195204
2240599200
2203588268
2203510234
7519265234
28950003287
2203677287
14910730206
11309067287
7688997291
6756760459
7328974400
13484583487
8943281404
8361371400
5263034415
27413055872
52167372272
52138534804
66155819815
30070856834
42719569887
18765610334
5417023434
2723239349
2560313391
2972425049
6795200582
4516346591
3544923220
23004886200
1453726349
20329750259
4676488831
64526445800
17075335987
15216772472
15216772472
2414678453
19466374753
19466374753
2103579917
4203712491
8789983491
4903765415
2658689470
833806475
6157890487
11262133491
3594327434
6111181491
6029078453
6059287468
6126936434
6008097491
34691324453
4219763490
6022197449
6121047453
11142251934
16637500925
18557767900
8976201949
25915592953
25761390949
6099882987
2092644971
1256204978
49415077891
74055780800
5710677434
177520191
177520191
21150974753
28547284753
9904255334
2283697387
2053314591
2500221504
203874587
1925059553
1925059553
3484297549
3479765572
6287654520
4225791572
9799613515
3852768500
3852571553
5454840572
10450548520
10450548520
14304724568
4350375520
10799036234
1913620263
4601335272
5733154268
3799131272
3799204253
5736404249
17330530263
3828980287
2306395268
8278490287
50939718200
2093081253
7204728220
44022565268
1831739291
11107499291
6229522187
22425683704
19756704772
27801721772
8272441187
9660500378
11127775391
8248176215
4751787268
4621654268
8036241234
285870220
8704864115
4649320178
2448165300
10145753387
14137275300
4208820306
4277821391
10653856415
1984438468
3622436387
2997150353
3625494353
11853280763
22420592700
24767298768
28779673791
35688890720
28780396704
28780396704
28535359753
9360890758
32107781753
30675600782
30744423791
27897087700
35394749787
9498630763
35665548715
5837650504
1054651515
60176571515
3638103587
7493037515
3596737591
8892539604
23767049600
63264935872
11730820697
15056163600
15056163600
11705833691
18168868668
11449110606
16764994668
23800658615
1311808604
59477822
9167536972
8123918968
28703146987
31852947420
12970891468
12970891468
1030760420
7824106420
15291537434
14264978491
541079468
5489881453
106160206
2792508272
5329221234
1771680210
2068893215
2465051253
7808690104
4864026149
1974424200
3680789220
561460272
561614253
2040832220
85791202849
8228167920
2046717449
6758070425
3331334472
8633444453
7333196453
44941862872
19476337834
58752587800
11104406420
4057996249
416762387
16433882072
26980754068
5693373053
6060242049
16220404068
11102543004
15306178049
16361903087
9382267034
21386889920
12601136049
6615775034
13122010020
14418401091
24626449972
79740243800
17064929600
10223746487
15268837400
87176831572
50677039891
2133865268
2148110500
3867307504
6752039534
3886867587
11212543068
16206878015
3678954715
25874993720
40324087772
20586850759
35656913791
5128277704
10251383768
27446573791
25546910704
25888277720
33118981768
42178916791
54910242791
25308270791
9360573787
22786546753
26560305791
2788594704
13004557720
7497164791
22006982753
4953541120
13484214104
11447486404
77204697715
84575972800
9636803587
2834286272
13255959420
50585398534
2765373515
38006049572
4971230530
8706913415
14670259687
59447605087
13442368049
901067253
2891778200
2458543200
1946404268
7236662291
4221796200
1082205249
646156268
4425413253
4436350304
9532960325
62089102349
2218992353
3539474315
4426789320
7455887353
9536744368
4486056353
2224992300
7486529300
2351323300
3522016300
2200309368
2752417349
3504301368
227196368
4043910363
2744627372
2748355334
3787486372
6278990300
22914234368
33552762353
43762310378
28889185368
3599213372
40885267320
7783841449
9237240449
6342914400
706426487
2455005453
29435897487
2249871434
2426978449
7792697487
8963924491
1932403434
19496001491
31060978415
45158657491
32378270372
3642127487
82550115791
24852392749
15829057700
20944063772
17681367772
69073830710
11384115749
15830004704
15815307734
11293250759
11292229772
10794883753
27818420797
35871202772
62560077787
2441080300
5753619649
6422411553
71775960544
4965078500
9633863520
21917728468
21878676415
4031431368
3819450300
43794041372
6371361368
8897654304
25231189391
8904685320
14722240353
83069003320
9246126572
662512731
19950055334
12423394187
7516550159
6575447449
15309762868
3426513820
13763261834
48291978891
17148600863
15785246872
13627295820
11612347800
23614153800
50958186804
51405750863
9863672815
8079781834
8079781834
6883796053
5667755068
22696520020
43421083053
41754425020
4585159819
74780930863
80626963087
6263240504
7199848404
17842123420
2830205553
5396832568
23081970644
3744930653
58230904634
61229113649
66524636600
37237900625
77343034200
8004595200
9923594653
89634381715
99238683620
6694586604
61228923604
60339632615
18552480697
14295830615
61446505715
8120749634
9402268634
7939817604
20138717672